Bubble sort:
L:
10.00 0.00 45.00 23.40
100.00 0.00 4950.00 2568.30
1000.00 9.50 499500.00 246808.70
10000.00 802.20 49995000.00 24715245.70
100000.00 79588.70 704982704.00 -1817615696.60
///
Bubble sort:
L:
64.00 0.00 2016.00 1046.90
128.00 0.10 8128.00 3936.30
256.00 0.30 32640.00 16221.00
512.00 2.70 130816.00 66859.70
1024.00 10.10 523776.00 262816.10
2048.00 30.60 2096128.00 1038614.40
4096.00 117.90 8386560.00 4171198.20
8192.00 543.60 33550336.00 16668238.40
16384.00 2119.30 134209536.00 67148274.80
32768.00 8766.20 536854528.00 268318898.80
S:
64.00 0.00 2016.00 1986.60
128.00 0.00 8128.00 8065.50
256.00 0.20 32640.00 32513.20
512.00 3.50 130816.00 130559.90
1024.00 14.20 523776.00 523265.30
2048.00 37.90 2096128.00 2095116.30
4096.00 134.10 8386560.00 8384500.80
8192.00 541.40 33550336.00 33546255.80
16384.00 1921.40 134209536.00 134201290.30
32768.00 6959.20 536854528.00 536838186.60
R:
64.00 0.00 2016.00 0.00
128.00 0.00 8128.00 0.00
256.00 0.00 32640.00 0.00
512.00 0.40 130816.00 0.00
1024.00 2.90 523776.00 0.00
2048.00 9.30 2096128.00 0.00
4096.00 31.50 8386560.00 0.00
8192.00 176.10 33550336.00 0.00
16384.00 578.20 134209536.00 0.00
32768.00 2185.90 536854528.00 0.00
65536.00 8467.90 2147450880.00 0.00
A:
64.00 0.00 2016.00 0.00
128.00 0.00 8128.00 0.00
256.00 0.00 32640.00 0.00
512.00 0.40 130816.00 0.00
1024.00 2.60 523776.00 0.00
2048.00 8.70 2096128.00 0.00
4096.00 55.20 8386560.00 0.00
8192.00 152.70 33550336.00 0.00
16384.00 550.70 134209536.00 0.00
32768.00 2404.20 536854528.00 0.00
64.00 0.00 2016.00 0.00
128.00 0.00 8128.00 0.00
256.00 0.00 32640.00 0.00
512.00 0.00 130816.00 0.00
1024.00 5.60 523776.00 0.00
2048.00 14.10 2096128.00 0.00
4096.00 36.00 8386560.00 0.00
8192.00 168.60 33550336.00 0.00
16384.00 554.50 134209536.00 0.00
