bstInsert:
256.00 1.00
512.00 2.00
1024.00 12.00
2048.00 38.00
4096.00 107.00
8192.00 304.00
16384.00 1069.00
32768.00 2791.00
65536.00 5839.00
131072.00 12001.00
262144.00 27409.00
524288.00 63629.00
avlInsert:
256.00 0.00
512.00 0.00
1024.00 0.00
2048.00 2.00
bstMin:
256.00 0.00
512.00 0.00
1024.00 0.00
2048.00 0.00
4096.00 0.00
8192.00 0.00
16384.00 0.00
32768.00 0.00
65536.00 0.00
131072.00 0.00
262144.00 0.00
524288.00 0.00
avlMin:
256.00 0.00
512.00 0.00
1024.00 0.00
bstInOrder:
256.00 50.00
512.00 132.00
1024.00 184.00
2048.00 250.00
4096.00 452.00
8192.00 985.00
16384.00 2068.00
32768.00 4547.00
65536.00 7491.00
131072.00 15428.00
262144.00 30807.00
524288.00 56930.00
avlInOrder:
256.00 37.00
512.00 59.00
1024.00 121.00
2048.00 328.00
balancingBst:
256.00 0.00
512.00 0.00
1024.00 0.00
2048.00 0.00
4096.00 0.00
8192.00 0.00
16384.00 0.00
32768.00 2.00
65536.00 3.00
131072.00 10.00
262144.00 27.00
524288.00 85.00
1048576.00 139.00
2097152.00 295.00
4194304.00 700.00
